The kernel value between the first and second datapoint is 0.119
runtime in min:  10.669948410987853
[[1.    0.119 0.252 ... 0.31  0.886 0.141]
 [0.119 1.    0.001 ... 0.856 0.293 0.095]
 [0.252 0.001 1.    ... 0.005 0.094 0.017]
 ...
 [0.31  0.856 0.005 ... 1.    0.59  0.118]
 [0.886 0.293 0.094 ... 0.59  1.    0.148]
 [0.141 0.095 0.017 ... 0.118 0.148 1.   ]]
The kernel-target alignment for our dataset and random parameters is 0.413
Step 25 - Alignment = 0.416
Step 50 - Alignment = 0.421
Step 75 - Alignment = 0.433
Step 100 - Alignment = 0.441
Step 125 - Alignment = 0.439
Step 150 - Alignment = 0.443
Step 175 - Alignment = 0.446
Step 200 - Alignment = 0.447
Step 225 - Alignment = 0.444
Step 250 - Alignment = 0.442
TRAINED parameters for 5 qubits, not full data:  [[[ 2.96953635  6.00658951  1.70389306  2.75536156  6.27724307
    5.1483001   1.54913302]
  [ 2.93353954  1.81851938 -0.1973063   0.75128251  0.28491056
    1.75683836  1.69342463]]

 [[ 0.51035082  3.66369828  4.85329598  1.31590348  3.11648186
    3.92121836  3.44257066]
  [ 5.51692511  0.74227034  0.86934645 -0.08529108  4.40864147
    4.75249313  5.01776464]]

 [[ 5.36720084  2.9817599   4.12678027  5.47803097  1.3971122
    5.780368    3.41600745]
  [ 3.02516407  4.98449879  0.06651259  2.98228076  2.26332836
    0.28543539  1.22853956]]

 [[ 3.02345182  5.6237421   4.91476534  5.34898965  3.99416546
   -0.041181    2.68097255]
  [ 4.75052483  5.82364089  3.76421136  4.75596345  3.125273
   -0.01073369  5.89945323]]

 [[ 1.87387281  5.5683536   5.42554326  3.79674222  4.19274288
    0.85400825  3.22717736]
  [ 4.23511224  4.78190508  0.15207107  5.93687656  1.36317659
    2.47562291  3.87787211]]

 [[ 3.67901949  5.96717746  0.85200006  1.80330099  6.26424586
    3.40182226  5.22334022]
  [ 4.92139757  3.23246925  0.3135736   6.21691671  1.11196197
    5.15613044  4.57873034]]]
The accuracy of a kernel with trained parameters and subset of data is 0.930
The accuracy of a kernel with trained parameters and FULL data is 0.915
The accuracy of a kernel on the test data is: 0.915
