The kernel value between the first and second datapoint is 0.502
runtime in min:  7.63180847565333
[[1.    0.502 0.623 ... 0.722 0.968 0.328]
 [0.502 1.    0.149 ... 0.916 0.631 0.307]
 [0.623 0.149 1.    ... 0.258 0.491 0.133]
 ...
 [0.722 0.916 0.258 ... 1.    0.85  0.327]
 [0.968 0.631 0.491 ... 0.85  1.    0.333]
 [0.328 0.307 0.133 ... 0.327 0.333 1.   ]]
The kernel-target alignment for our dataset and random parameters is 0.431
Step 25 - Alignment = 0.446
Step 50 - Alignment = 0.448
Step 75 - Alignment = 0.449
Step 100 - Alignment = 0.448
Step 125 - Alignment = 0.451
Step 150 - Alignment = 0.447
Step 175 - Alignment = 0.445
Step 200 - Alignment = 0.444
Step 225 - Alignment = 0.445
Step 250 - Alignment = 0.444
TRAINED parameters for 5 qubits, not full data:  [[[ 4.8833001   0.73908602  5.27661598  5.21353054  5.46437209]
  [ 5.17307407  5.93174367  3.39354314  3.18632986  4.655181  ]]

 [[ 1.58105795  4.87669782  0.25459452  3.21482563  4.94685599]
  [ 1.55864822  1.91449242  4.93450887  2.78249326  1.98552317]]

 [[ 3.82009059  1.18646911  6.36421923  1.67492624  0.29254524]
  [ 1.75881526  1.36790778  0.69075436  2.17588989  5.370562  ]]

 [[ 2.35688041  2.99443697  2.8201067   3.92933124  3.34784729]
  [ 4.29811126  4.74031671  4.09575002  0.6664135   5.07386685]]

 [[ 5.28568856  0.89977229  3.99278916 -0.0763055   3.40404115]
  [ 2.6299012   0.90310883  1.70535447  4.60436144  5.94606597]]

 [[ 4.61729819  3.58711479  3.81158891  4.93453736  1.05135412]
  [ 5.74741236  0.76165156  0.83002182  4.9752743   5.8346061 ]]]
The accuracy of a kernel with trained parameters and subset of data is 0.930
The accuracy of a kernel with trained parameters and FULL data is 0.914
The accuracy of a kernel on the test data is: 0.914
