The kernel value between the first and second datapoint is 0.511
runtime in min:  1.951795999209086
[[1.    0.511 0.567 ... 0.909 0.661 0.606]
 [0.511 1.    0.136 ... 0.707 0.338 0.405]
 [0.567 0.136 1.    ... 0.366 0.461 0.314]
 ...
 [0.909 0.707 0.366 ... 1.    0.702 0.475]
 [0.661 0.338 0.461 ... 0.702 1.    0.194]
 [0.606 0.405 0.314 ... 0.475 0.194 1.   ]]
The kernel-target alignment for our dataset and random parameters is 0.467
Step 25 - Alignment = 0.465
Step 50 - Alignment = 0.468
Step 75 - Alignment = 0.469
Step 100 - Alignment = 0.468
Step 125 - Alignment = 0.470
Step 150 - Alignment = 0.477
Step 175 - Alignment = 0.480
Step 200 - Alignment = 0.483
Step 225 - Alignment = 0.481
Step 250 - Alignment = 0.483
TRAINED parameters for 5 qubits, not full data:  [[[0.87252135 6.06210579 1.08207109 3.91131853 4.01654759]
  [4.58349877 3.58834562 3.96048611 3.96545721 2.24406488]]

 [[3.27707609 5.36113333 3.44589066 2.2096692  1.70519087]
  [2.6994167  3.88749841 4.69845202 1.61743066 1.18950148]]

 [[1.0828529  5.19483029 4.35118048 5.49259135 3.04314954]
  [5.89399229 4.39757515 0.38396559 6.33657222 0.84357439]]

 [[5.34649388 0.84956192 5.31238552 1.49229165 5.67384754]
  [2.12659199 2.55622937 4.149808   3.08651472 0.85027632]]

 [[4.99705944 0.78403365 5.85439709 0.01974093 5.86287746]
  [5.08383324 0.78041644 5.08387425 4.36472714 5.01954218]]

 [[0.35306536 6.13919325 0.26864776 1.28634543 4.12418421]
  [6.07099854 6.1517815  5.50127647 0.28271186 1.72978563]]]
The accuracy of a kernel with trained parameters and subset of data is 0.910
The accuracy of a kernel with trained parameters and FULL data is 0.894
The accuracy of a kernel on the test data is: 0.894
