[[1.    0.507 0.709 ... 0.717 0.97  0.255]
 [0.507 1.    0.212 ... 0.915 0.617 0.345]
 [0.709 0.212 1.    ... 0.313 0.569 0.117]
 ...
 [0.717 0.915 0.313 ... 1.    0.837 0.327]
 [0.97  0.617 0.569 ... 0.837 1.    0.275]
 [0.255 0.345 0.117 ... 0.327 0.275 1.   ]]
The kernel-target alignment for our dataset and random parameters is 0.426
Step 25 - Alignment = 0.434
Step 50 - Alignment = 0.441
Step 75 - Alignment = 0.444
Step 100 - Alignment = 0.442
Step 125 - Alignment = 0.448
Step 150 - Alignment = 0.445
Step 175 - Alignment = 0.450
Step 200 - Alignment = 0.458
Step 225 - Alignment = 0.460
Step 250 - Alignment = 0.455
TRAINED parameters for 5 qubits, not full data:  [[[5.90283284 2.02386648 2.28520457 4.20645291]
  [3.64638756 2.02976327 5.32603755 3.26374178]]

 [[4.94381947 3.21182036 6.33454558 2.91638738]
  [3.83311874 2.20158175 0.57485774 2.91031336]]

 [[4.42430115 1.15043191 0.59480177 1.71863802]
  [2.65503894 3.3387149  0.49699382 3.11951456]]

 [[3.519904   3.15795133 4.78887693 4.86318925]
  [6.08685789 4.30666037 5.90187846 3.3997795 ]]

 [[1.43904867 3.59735577 6.2147976  4.46739429]
  [1.70823953 1.62531031 6.31063269 5.83728198]]

 [[3.59212383 0.89888099 0.73186176 2.1103449 ]
  [0.94522959 4.15715837 4.91015383 4.2248492 ]]

 [[1.26404738 2.46458514 3.25946935 0.04687037]
  [5.18959344 2.45229965 5.02071509 0.92703343]]]
The accuracy of a kernel with trained parameters and subset of data is 0.930
The accuracy of a kernel with trained parameters and FULL data is 0.908
running time in min:  237.9934868812561
The accuracy of a kernel on the test data is: 0.902
