[[1.    0.277 0.516 ... 0.524 0.942 0.078]
 [0.277 1.    0.016 ... 0.879 0.449 0.215]
 [0.516 0.016 1.    ... 0.067 0.341 0.05 ]
 ...
 [0.524 0.879 0.067 ... 1.    0.734 0.191]
 [0.942 0.449 0.341 ... 0.734 1.    0.108]
 [0.078 0.215 0.05  ... 0.191 0.108 1.   ]]
The kernel-target alignment for our dataset and random parameters is 0.423
Step 25 - Alignment = 0.455
Step 50 - Alignment = 0.462
Step 75 - Alignment = 0.465
Step 100 - Alignment = 0.467
Step 125 - Alignment = 0.469
Step 150 - Alignment = 0.470
Step 175 - Alignment = 0.471
Step 200 - Alignment = 0.472
TRAINED parameters for 5 qubits, not full data:  [[[ 5.67230539  5.57797976  2.4897155   2.21274656]
  [ 1.38389312  4.27736866  2.83550506  3.12448481]]

 [[ 4.26674557  2.20693504  3.86228769  3.02797425]
  [ 5.87717422  2.23477403  4.3355528   1.48624454]]

 [[ 0.59451155 -0.08226203  6.03039814  0.98694209]
  [ 6.40767752  5.81681967  1.81638958  2.78667567]]

 [[ 5.41332045  2.68202267  5.81677836  1.45803667]
  [ 1.83636962  5.10214463  2.93866532  1.86732962]]

 [[ 5.05025929  2.41852797  5.88515572  1.56812763]
  [ 6.48089201  0.93951515  0.66658321  3.56596538]]

 [[ 3.82605589  2.23465329  0.09912515  2.88272869]
  [ 1.81853528  0.2399533   0.06876764  2.83205806]]]
The accuracy of a kernel with trained parameters and subset of data is 0.925
The accuracy of a kernel with trained parameters and FULL data is 0.903
running time in min:  474.65637967189156
The accuracy of a kernel on the test data is: 0.887
