[[1.    0.365 0.631 ... 0.603 0.952 0.284]
 [0.365 1.    0.147 ... 0.894 0.514 0.292]
 [0.631 0.147 1.    ... 0.189 0.451 0.176]
 ...
 [0.603 0.894 0.189 ... 1.    0.779 0.337]
 [0.952 0.514 0.451 ... 0.779 1.    0.315]
 [0.284 0.292 0.176 ... 0.337 0.315 1.   ]]
The kernel-target alignment for our dataset and random parameters is 0.442
Step 25 - Alignment = 0.444
Step 50 - Alignment = 0.454
Step 75 - Alignment = 0.455
Step 100 - Alignment = 0.454
Step 125 - Alignment = 0.443
Step 150 - Alignment = 0.454
Step 175 - Alignment = 0.450
Step 200 - Alignment = 0.444
Step 225 - Alignment = 0.449
Step 250 - Alignment = 0.452
TRAINED parameters for 5 qubits, not full data:  [[[4.47766996 0.68755747 1.01270442 1.00470544]
  [2.94555097 3.78825367 1.22376418 0.61965269]]

 [[3.04893376 2.85638948 0.34359851 0.07238985]
  [2.80295889 5.77893675 2.367465   0.64241689]]

 [[3.35741311 4.83078316 2.75405822 1.58667092]
  [3.77613097 3.21731481 3.23363756 4.32290303]]

 [[6.00237632 1.13966598 4.44279039 5.11430492]
  [2.77620257 1.42521776 0.23189717 3.17510818]]

 [[5.78478602 5.33848373 3.22382266 5.64659958]
  [0.66438318 0.99444907 1.73951052 0.24428255]]

 [[1.85728682 1.93427424 4.63422315 4.01301367]
  [2.98210928 1.71705032 5.64164959 6.30319894]]

 [[5.40405831 3.01555281 1.07397237 0.54523497]
  [0.01663358 0.47045942 0.66350329 2.52355485]]

 [[0.02151985 1.40929573 4.43751572 5.14305706]
  [4.83284123 1.81257068 0.89275628 2.87887095]]]
The accuracy of a kernel with trained parameters and subset of data is 0.920
The accuracy of a kernel with trained parameters and FULL data is 0.903
running time in min:  272.33828552563983
The accuracy of a kernel on the test data is: 0.887
