The kernel value between the first and second datapoint is 0.656
[[1.    0.656 0.691 ... 0.956 0.898 0.76 ]
 [0.656 1.    0.219 ... 0.542 0.609 0.709]
 [0.691 0.219 1.    ... 0.741 0.571 0.398]
 ...
 [0.956 0.542 0.741 ... 1.    0.958 0.581]
 [0.898 0.609 0.571 ... 0.958 1.    0.512]
 [0.76  0.709 0.398 ... 0.581 0.512 1.   ]]
The kernel-target alignment for our dataset and random parameters is 0.477
Step 25 - Alignment = 0.481
Step 50 - Alignment = 0.476
Step 75 - Alignment = 0.477
Step 100 - Alignment = 0.480
Step 125 - Alignment = 0.481
Step 150 - Alignment = 0.479
Step 175 - Alignment = 0.474
Step 200 - Alignment = 0.474
Step 225 - Alignment = 0.475
Step 250 - Alignment = 0.476
TRAINED parameters for 5 qubits, not full data:  [[[ 0.74053062  3.06092039  5.22263374  5.90954334]
  [ 1.16595639  5.93358068  0.95757408  1.77983091]]

 [[ 1.19854497  4.33421888  3.55081615  4.6004615 ]
  [ 2.91612866  3.59219994  1.24115643  4.85655351]]

 [[ 5.61360102  5.73967732  4.24698114  0.6413369 ]
  [ 5.53587396  4.22163278 -0.18622381  5.75897656]]

 [[ 3.51932481  2.0460626   1.14657898  1.7052915 ]
  [ 5.01679341  0.92011089  1.35682334  5.46259731]]

 [[ 5.49428937  5.88507258  2.39591158  4.21683256]
  [ 3.28128942  2.24594704  4.61835627  5.9474208 ]]]
The accuracy of a kernel with trained parameters and subset of data is 0.935
The accuracy of a kernel with trained parameters and FULL data is 0.932
The accuracy of a kernel with trained svm on FULL data is 0.946
running time in min:  3233.583648769061
The accuracy of a kernel on the test data is: 0.918
