[[1.    0.584 0.591 ... 0.738 0.966 0.221]
 [0.584 1.    0.118 ... 0.95  0.725 0.151]
 [0.591 0.118 1.    ... 0.194 0.439 0.101]
 ...
 [0.738 0.95  0.194 ... 1.    0.872 0.143]
 [0.966 0.725 0.439 ... 0.872 1.    0.187]
 [0.221 0.151 0.101 ... 0.143 0.187 1.   ]]
The kernel-target alignment for our dataset and random parameters is 0.440
Step 25 - Alignment = 0.440
Step 50 - Alignment = 0.446
Step 75 - Alignment = 0.447
Step 100 - Alignment = 0.445
Step 125 - Alignment = 0.438
Step 150 - Alignment = 0.442
Step 175 - Alignment = 0.450
Step 200 - Alignment = 0.452
Step 225 - Alignment = 0.448
Step 250 - Alignment = 0.446
TRAINED parameters for 5 qubits, not full data:  [[[ 4.88625345  5.82638824  2.18000881 -0.00991005]
  [ 4.82634246  2.1287963   3.32851764  1.25304208]]

 [[ 2.05302131  1.9895887   4.91925508  2.28355469]
  [ 3.26390208  1.41192301  1.31675406  3.17212339]]

 [[ 3.67471201  1.39810757  3.82251549  2.67189606]
  [ 1.02135121  2.84709415  2.7381081   3.10364458]]

 [[ 1.91979644  2.55470404  5.47995977  2.91234975]
  [ 1.52419602  5.70088514  6.15674275  6.04043293]]

 [[ 5.20504961  0.47142147  1.12054832  0.88996741]
  [ 2.67417897  5.49373613  5.15534235  4.01447629]]

 [[ 5.28911988  2.88412362  5.2401073   5.08237262]
  [ 3.40208732  3.39444455  5.75056855  2.21187356]]]
The accuracy of a kernel with trained parameters and subset of data is 0.935
The accuracy of a kernel with trained parameters and FULL data is 0.915
runtime in min:  214.37676884730658
The accuracy of a kernel on the test data is: 0.915
