[[1.    0.465 0.535 ... 0.946 0.853 0.705]
 [0.465 1.    0.065 ... 0.374 0.508 0.501]
 [0.535 0.065 1.    ... 0.621 0.409 0.245]
 ...
 [0.946 0.374 0.621 ... 1.    0.925 0.518]
 [0.853 0.508 0.409 ... 0.925 1.    0.418]
 [0.705 0.501 0.245 ... 0.518 0.418 1.   ]]
The kernel-target alignment for our dataset and random parameters is 0.478
Step 25 - Alignment = 0.469
Step 50 - Alignment = 0.472
Step 75 - Alignment = 0.477
Step 100 - Alignment = 0.488
Step 125 - Alignment = 0.491
Step 150 - Alignment = 0.489
Step 175 - Alignment = 0.486
Step 200 - Alignment = 0.484
Step 225 - Alignment = 0.483
Step 250 - Alignment = 0.486
TRAINED parameters for 5 qubits, not full data:  [[[ 3.84822256  2.27786276  0.36915198  2.72028376]
  [ 4.4869024   2.30026236  4.26909126  2.83805986]]

 [[ 6.02588229  2.88472409  3.46050424  1.70328466]
  [ 0.12214531  2.6290871   6.06273555  0.4368524 ]]

 [[ 3.13048306  5.27504056  4.93845987  5.77305321]
  [ 4.40829414  0.05368278  4.96317078  2.07851766]]

 [[ 0.30908764  3.13181975  6.0518778   3.9838253 ]
  [ 5.06246911  5.2540552   6.23716607  3.33097459]]

 [[ 0.72446763 -0.19437524  0.88524576  2.62530217]
  [ 4.25099989  5.83031457  1.4773257   1.02672533]]

 [[ 6.25649472  3.2528826   4.73048722  0.44840316]
  [-0.41548461  1.16048376  4.44793003  4.31707073]]

 [[ 2.76657339  1.76338295  2.46507854  1.06645919]
  [ 1.41722511  2.02804168  1.42852028  5.10838203]]]
The accuracy of a kernel with trained parameters and subset of data is 0.935
The accuracy of a kernel with trained parameters and FULL data is 0.935
runtime in min:  1083.0871755798657
The accuracy of a kernel on the test data is: 0.914
