[[1.    0.44  0.426 ... 0.924 0.887 0.662]
 [0.44  1.    0.008 ... 0.255 0.366 0.649]
 [0.426 0.008 1.    ... 0.566 0.367 0.085]
 ...
 [0.924 0.255 0.566 ... 1.    0.943 0.404]
 [0.887 0.366 0.367 ... 0.943 1.    0.41 ]
 [0.662 0.649 0.085 ... 0.404 0.41  1.   ]]
The kernel-target alignment for our dataset and random parameters is 0.465
Step 25 - Alignment = 0.472
Step 50 - Alignment = 0.478
Step 75 - Alignment = 0.478
Step 100 - Alignment = 0.475
Step 125 - Alignment = 0.477
Step 150 - Alignment = 0.484
Step 175 - Alignment = 0.490
Step 200 - Alignment = 0.488
Step 225 - Alignment = 0.493
Step 250 - Alignment = 0.491
TRAINED parameters for 5 qubits, not full data:  [[[ 6.16611225  1.33577477  0.38072632  2.80129609]
  [ 3.51575072  2.81920512  4.07772963  4.2260046 ]]

 [[ 2.64535782  2.53611533  2.59569723  1.57501033]
  [ 5.61548876  4.63268039  1.69642762  1.68795807]]

 [[ 2.54278146  4.64698367  1.95952766  1.35764579]
  [ 0.58483659  2.26753893  2.27231074  0.89489289]]

 [[ 4.14174756  2.61408275  3.95969391  4.91976693]
  [ 4.56574433  3.17114517 -0.25433289  5.68512475]]

 [[ 3.10937393  6.26235238  2.27066348  2.05780784]
  [ 1.22200218  4.54769918  1.68071398  1.90109952]]

 [[ 2.00314667  6.06886263  2.86808599  2.13089235]
  [ 4.59785599  4.64002602  3.54301669  4.46146038]]]
The accuracy of a kernel with trained parameters and subset of data is 0.940
The accuracy of a kernel with trained parameters and FULL data is 0.945
runtime in min:  594.0893535256386
The accuracy of a kernel on the test data is: 0.934
