[[1.    0.257 0.25  ... 0.834 0.835 0.365]
 [0.257 1.    0.005 ... 0.089 0.163 0.689]
 [0.25  0.005 1.    ... 0.503 0.277 0.002]
 ...
 [0.834 0.089 0.503 ... 1.    0.924 0.12 ]
 [0.835 0.163 0.277 ... 0.924 1.    0.161]
 [0.365 0.689 0.002 ... 0.12  0.161 1.   ]]
Step 50 - Alignment = 0.465
Step 100 - Alignment = 0.491
Step 150 - Alignment = 0.495
Step 200 - Alignment = 0.486
Step 250 - Alignment = 0.499
TRAINED parameters for 5 qubits, not full data:  [[[ 3.10120507  5.77840444  0.63363987  1.15472973  5.69545812]
  [ 4.87761214  5.13657359  5.93855824  0.11853701  4.21321718]]

 [[ 5.21686765  5.64845154  3.91972587  4.69623336  3.30143511]
  [ 3.88283497  4.36913029  3.33741109  0.3950575   3.70141861]]

 [[ 3.22696744  5.87725168  3.1097431   1.76504487  5.44791758]
  [ 5.77357317  2.3785281   3.64144521  3.50491083  6.1561202 ]]

 [[ 1.64991328  2.41460879  5.50459435  5.92201461  5.76659898]
  [ 1.4121097   4.38134537  4.35820161  0.20040808  0.50493393]]

 [[ 1.57648043 -0.11937031  4.48804405  0.71617908  4.46221219]
  [ 1.59252066  1.46903561  0.61567482  6.40812932  3.89639113]]

 [[ 3.4887113   4.88582685  2.4209954   2.05582861  6.57473653]
  [ 3.90244757  4.08683323  4.19426774  2.58279031  5.8375663 ]]

 [[ 3.01385668  4.15948606  3.95941693  5.00351952  4.50262564]
  [ 1.76891943  2.22358411  5.98852053  1.21593623  5.79274942]]

 [[ 5.335708    4.74977565  6.1237896   4.70979817  4.42982106]
  [ 1.18606257  1.00957202  6.07918309  0.78488482  0.43190803]]]
The accuracy of a kernel with trained parameters and subset of data is 0.935
The accuracy of a kernel with trained parameters and FULL data is 0.939
running time in min:  810.8384375294049
The accuracy of a kernel on the test data is: 0.934
