[[1.    0.262 0.564 ... 0.532 0.945 0.149]
 [0.262 1.    0.063 ... 0.88  0.436 0.193]
 [0.564 0.063 1.    ... 0.105 0.378 0.04 ]
 ...
 [0.532 0.88  0.105 ... 1.    0.735 0.195]
 [0.945 0.436 0.378 ... 0.735 1.    0.173]
 [0.149 0.193 0.04  ... 0.195 0.173 1.   ]]
The kernel-target alignment for our dataset and random parameters is 0.427
Step 25 - Alignment = 0.434
Step 50 - Alignment = 0.435
Step 75 - Alignment = 0.436
Step 100 - Alignment = 0.438
Step 125 - Alignment = 0.439
Step 150 - Alignment = 0.442
Step 175 - Alignment = 0.432
Step 200 - Alignment = 0.423
Step 225 - Alignment = 0.423
Step 250 - Alignment = 0.434
Step 275 - Alignment = 0.439
Step 300 - Alignment = 0.438
TRAINED parameters for 5 qubits, not full data:  [[[4.34915284 1.90521043 0.89487594 2.89041899 0.02271626]
  [4.72476861 1.92149705 1.57909534 3.5183381  4.93010125]]

 [[3.8192236  5.42214887 5.87692541 0.66209829 2.10644943]
  [4.33952621 5.8125166  1.21813832 5.7992338  1.12446473]]

 [[4.30806575 3.37587106 1.34349696 1.90229268 4.83968543]
  [2.46908815 4.91264202 2.37852693 4.66077644 1.83491211]]

 [[0.62740497 6.96062317 2.30073218 0.14672272 3.80292147]
  [5.16528554 1.68618512 1.50066882 5.84425022 0.07635773]]

 [[5.28079018 3.47458228 4.6359661  5.11342561 3.16168067]
  [4.89732651 1.31611988 5.82376933 1.44690304 0.23477567]]

 [[0.56361251 3.66743937 3.17546828 3.879045   1.5368378 ]
  [4.81617029 4.00503433 0.08591562 0.20144711 2.81264479]]

 [[1.19648398 4.52677161 0.32882232 4.00199811 5.20513432]
  [4.12162333 1.76792419 3.85560848 0.61976434 2.87908385]]]
The accuracy of a kernel with trained parameters and subset of data is 0.935
The accuracy of a kernel with trained parameters and FULL data is 0.926
runtime in min:  309.9550790667534
The accuracy of a kernel on the test data is: 0.914
