[[1.    0.204 0.3   ... 0.904 0.73  0.537]
 [0.204 1.    0.002 ... 0.12  0.264 0.267]
 [0.3   0.002 1.    ... 0.352 0.082 0.057]
 ...
 [0.904 0.12  0.352 ... 1.    0.836 0.312]
 [0.73  0.264 0.082 ... 0.836 1.    0.253]
 [0.537 0.267 0.057 ... 0.312 0.253 1.   ]]
Step 50 - Alignment = 0.470
Step 100 - Alignment = 0.481
Step 150 - Alignment = 0.497
Step 200 - Alignment = 0.497
Step 250 - Alignment = 0.506
TRAINED parameters for 5 qubits, not full data:  [[[ 2.72609555 -0.04570922  3.42521192  3.83794061  3.09729962]
  [ 0.5701908   1.16808379  0.36041424  5.00252781  2.00244393]]

 [[ 4.63200212  0.83108644  1.01884721  1.58150545  2.25838678]
  [ 3.45520665  0.87647219  1.74077536  4.1046547   3.06743859]]

 [[ 3.66253879  2.8214081   1.25681513  3.19790362  3.82916041]
  [ 0.35824974  0.73235255  2.45829551  3.88875909  1.09544446]]

 [[ 2.60667586  3.42737324  5.60729457 -0.00676149  1.95106493]
  [ 5.99186017  5.09499758  4.7645282   5.99453973  3.91541057]]

 [[ 2.96306123  4.93803514  3.592301    3.84160014  3.41418328]
  [ 3.86673196  0.51253685  3.36655615  4.88079474  2.78308396]]

 [[ 0.5331614   3.80515843  1.69376389  1.17772147  2.79844296]
  [ 6.06218318  5.00386431  1.5082472   3.28399089  6.04035414]]

 [[ 4.50785421  4.77649675  0.60277985  3.4276287   1.74764415]
  [ 6.35070375  2.20707281  5.12057782  4.7144214   5.09682445]]

 [[ 0.56726763  0.48158054  3.8377341   4.80555833  1.50993341]
  [ 3.74776694  3.89026365  3.31927717  0.61431632  5.50818364]]

 [[ 4.03342435  2.58642356  0.7631882   5.46756926  5.42744694]
  [ 4.57862821  4.10466924  2.79479497  4.50975612  4.34445126]]

 [[ 3.64983597  2.39847585  0.55733615  3.11443321  3.46912214]
  [ 3.81780615  1.04287827  4.56147635  4.98923957  1.2964705 ]]]
The accuracy of a kernel with trained parameters and subset of data is 0.935
The accuracy of a kernel with trained parameters and FULL data is 0.938
running time in min:  1604.5628838976224
The accuracy of a kernel on the test data is: 0.922
