[[1.    0.262 0.406 ... 0.868 0.793 0.474]
 [0.262 1.    0.005 ... 0.133 0.227 0.395]
 [0.406 0.005 1.    ... 0.534 0.318 0.047]
 ...
 [0.868 0.133 0.534 ... 1.    0.905 0.213]
 [0.793 0.227 0.318 ... 0.905 1.    0.183]
 [0.474 0.395 0.047 ... 0.213 0.183 1.   ]]
Step 50 - Alignment = 0.478
Step 100 - Alignment = 0.501
Step 150 - Alignment = 0.505
Step 200 - Alignment = 0.499
Step 250 - Alignment = 0.511
Step 300 - Alignment = 0.504
TRAINED parameters for 5 qubits, not full data:  [[[5.641514   4.94439132 3.13578033 4.93956702 1.35436042]
  [0.49449512 1.5432287  0.30045477 4.67122639 3.32531174]]

 [[2.30516121 1.32330651 0.68776579 3.3208734  5.049006  ]
  [3.95276163 4.12973642 4.42082785 2.30318791 3.70578915]]

 [[0.29361871 4.41399499 1.97360732 4.36393698 5.15971429]
  [1.20606254 4.93977132 4.7632218  3.78362628 3.00218907]]

 [[5.96250935 2.36605204 0.99021902 1.06646126 4.70515329]
  [3.68552651 1.45341643 0.45737586 3.71369661 3.37254237]]

 [[0.32249903 5.38463868 5.86503684 3.0923745  3.83376814]
  [2.60524812 3.12033258 1.42742756 3.83212313 5.98499326]]

 [[0.47833237 1.30595468 3.03286893 4.55177987 2.55899016]
  [1.137135   1.52268101 1.30481576 1.28707332 3.68601126]]

 [[1.12561769 3.4916077  0.69637092 0.2207706  3.46143245]
  [1.41115439 4.15239965 3.29803867 4.56004785 0.3347442 ]]

 [[3.60631452 4.428753   6.16079851 0.68994828 1.5187032 ]
  [5.40876251 3.63545505 1.27323336 3.03750092 2.33138997]]

 [[3.40583829 5.35004234 1.10213567 4.73460132 5.62593857]
  [1.14544164 0.47911743 4.27388772 5.74427254 5.02853393]]]
The accuracy of a kernel with trained parameters and subset of data is 0.943
The accuracy of a kernel with trained parameters and FULL data is 0.943
running time in min:  1459.597122657299
The accuracy of a kernel on the test data is: 0.926
