[[1.    0.335 0.486 ... 0.938 0.854 0.655]
 [0.335 1.    0.045 ... 0.245 0.34  0.516]
 [0.486 0.045 1.    ... 0.548 0.312 0.247]
 ...
 [0.938 0.245 0.548 ... 1.    0.912 0.457]
 [0.854 0.34  0.312 ... 0.912 1.    0.389]
 [0.655 0.516 0.247 ... 0.457 0.389 1.   ]]
Step 50 - Alignment = 0.470
Step 100 - Alignment = 0.466
Step 150 - Alignment = 0.483
Step 200 - Alignment = 0.499
Step 250 - Alignment = 0.499
TRAINED parameters for 5 qubits, not full data:  [[[1.65183887 4.54720549 4.05444356 0.62404832 5.91211673]
  [3.93972375 4.68869927 5.24476526 0.08994322 4.35963992]]

 [[0.51570548 2.75573942 3.41023382 5.23053946 4.21665356]
  [4.42537163 4.02330991 3.00041523 0.90007453 0.90309876]]

 [[4.15033482 3.72798375 2.29773919 0.43488457 2.51665484]
  [2.23605237 1.46027243 0.5660431  0.32493497 4.97822235]]

 [[5.77461432 0.44600606 2.3923269  2.82544211 1.85377834]
  [5.09830447 1.23347988 5.50177716 4.22837697 4.58888305]]

 [[5.33649893 5.5112785  2.62593081 0.4002341  1.11669078]
  [3.80607442 2.30954983 5.34028067 6.54249674 2.59348866]]

 [[4.38831165 4.73535452 3.94512612 4.29688482 3.00231699]
  [2.38650548 0.76492771 6.27973597 3.94896037 4.22422151]]

 [[0.43316909 3.64481751 1.87097971 5.91153047 4.82169845]
  [0.47839834 1.11193642 4.81718979 0.05719974 3.51248147]]]
The accuracy of a kernel with trained parameters and subset of data is 0.932
The accuracy of a kernel with trained parameters and FULL data is 0.937
running time in min:  699.0751132448514
The accuracy of a kernel on the test data is: 0.934
