The kernel value between the first and second datapoint is 0.379
[[1.    0.379 0.443 ... 0.621 0.95  0.056]
 [0.379 1.    0.042 ... 0.897 0.543 0.059]
 [0.443 0.042 1.    ... 0.087 0.288 0.022]
 ...
 [0.621 0.897 0.087 ... 1.    0.799 0.043]
 [0.95  0.543 0.288 ... 0.799 1.    0.049]
 [0.056 0.059 0.022 ... 0.043 0.049 1.   ]]
The kernel-target alignment for our dataset and random parameters is 0.435
Step 25 - Alignment = 0.446
Step 50 - Alignment = 0.453
Step 75 - Alignment = 0.447
Step 100 - Alignment = 0.445
Step 125 - Alignment = 0.440
Step 150 - Alignment = 0.427
Step 175 - Alignment = 0.424
Step 200 - Alignment = 0.432
Step 225 - Alignment = 0.435
Step 250 - Alignment = 0.441
TRAINED parameters for 5 qubits, not full data:  [[[ 3.22217447e+00  5.00772117e+00  6.25448249e+00  2.05084083e+00
    1.73987408e+00  8.37436346e-02]
  [ 1.40453138e+00  1.50051610e+00 -1.82200024e-03  2.60922558e+00
    2.03995592e+00 -2.83674556e-02]]

 [[ 2.96280043e+00  4.95934466e+00  5.84431717e+00  6.41577227e+00
    4.31798493e+00  3.70760687e+00]
  [ 3.54978141e-01  1.60540255e+00  1.63654126e+00  3.58808092e+00
    1.06596666e+00  3.97616283e+00]]

 [[ 5.21644256e+00  4.48926680e+00  2.00494781e+00  4.87861652e+00
    4.84565236e+00  3.80721383e+00]
  [ 1.30068324e+00  2.06999719e+00  1.42286167e+00  3.97557689e+00
    1.76929827e+00  4.11820992e+00]]

 [[ 5.56816519e+00  3.76083746e+00  2.25830716e+00  4.87254215e+00
    4.38350033e+00 -6.83097660e-02]
  [ 1.25354390e-01  5.03236631e-01  6.13271377e-01  5.22017228e+00
    2.71351842e+00  5.45673195e-01]]

 [[ 3.47857110e+00  4.79379352e+00  1.59173807e+00  3.66832809e+00
    5.00682023e+00  4.19568878e+00]
  [ 2.91052141e+00  1.54411793e+00  3.93758461e+00  4.54641374e+00
    2.05016429e+00  3.61881200e+00]]

 [[ 3.69287066e+00  4.12198824e+00  4.84788517e+00  5.96750273e+00
    2.37048817e+00  5.16813727e+00]
  [ 9.99999238e-01  1.29883322e+00  1.79549765e+00  3.63281672e+00
    1.46961712e+00  2.81063981e+00]]]
The accuracy of a kernel with trained parameters and subset of data is 0.930
The accuracy of a kernel with trained parameters and FULL data is 0.912
running time in min:  319.28715304931006
The accuracy of a kernel on the test data is: 0.912
