[[1.    0.251 0.525 ... 0.48  0.924 0.073]
 [0.251 1.    0.095 ... 0.886 0.429 0.008]
 [0.525 0.095 1.    ... 0.117 0.323 0.068]
 ...
 [0.48  0.886 0.117 ... 1.    0.712 0.005]
 [0.924 0.429 0.323 ... 0.712 1.    0.04 ]
 [0.073 0.008 0.068 ... 0.005 0.04  1.   ]]
Step 50 - Alignment = 0.443
Step 100 - Alignment = 0.444
Step 150 - Alignment = 0.448
Step 200 - Alignment = 0.439
Step 250 - Alignment = 0.434
Step 300 - Alignment = 0.445
TRAINED parameters for 5 qubits, not full data:  [[[ 0.43826225  1.28659686  3.44343987  6.04252404  0.49122868
    2.4730428 ]
  [ 4.84033995  1.68408343  3.32531539  0.63358034  5.70806899
    2.23829703]]

 [[ 2.45755901  1.05955467  2.62042791  0.69801765  2.74870435
    3.87791435]
  [ 1.53831748  6.14928547  2.82227398  5.57020267  5.13574045
    0.96403031]]

 [[ 0.5813155   1.9755816   0.18928206  5.36686954  3.84878799
    0.62254483]
  [ 3.80054019  0.86881592  2.9277308   5.56037677  2.31612172
    2.1861802 ]]

 [[ 4.35269752  3.67955167  1.04041452  6.00045205  2.68267054
    3.00367209]
  [ 1.32136607  2.50536235  3.31066293  0.57880741  1.53451462
    2.69816813]]

 [[ 5.51159117  3.46364866 -0.08186678  4.93936982  3.98853695
    1.46456965]
  [ 3.00736489  2.20556217  3.90574636  5.10822878  0.30179588
    6.06921497]]

 [[ 3.78677485  6.64214359 -0.09572979  0.58176005  1.60365082
    3.38514525]
  [ 5.08094208  1.3790411   2.94944514  3.54027976  2.43811375
    0.09075983]]

 [[ 2.26930851  0.13817781  2.10153505  4.43683179  5.34868392
    4.38520238]
  [ 0.37625974  0.86472251  4.97944351  5.37518613  1.38073213
    5.45398023]]]
The accuracy of a kernel with trained parameters and subset of data is 0.930
The accuracy of a kernel with trained parameters and FULL data is 0.911
running time in min:  319.5607576886813
The accuracy of a kernel on the test data is: 0.898
